180904
162859
643791
742266
277690
770584
-478255
-954307
174501
533664
-711079
430165
300077
605250
-396074
-285960
213610
1989
920218
-892088
659399
353236
-280440
429290
842012
438154
256533
-17619
929619
-147193
533749
961938
465878
834590
-12621
768056
-611007
-760931
867761
234580
-504659
137112
531979
476540
-531526
-966871
-948201
608634
920950
-642587
479559
143058
799158
-324493
883434
175940
808919
465874
-892398
-97431
258096
-79574
844652
433412
653612
672815
704190
154608
-279584
-670942
182821
-26790
5095
-163555
764294
362226
738558
-645317
823267
661351
328851
-608044
458204
930186
803563
-311263
516679
248098
-896656
443757
486939
-706435
191764
873747
470509
-415825
381526
996730
-883588
-802065
180904
162859
643791
742266
277690
770584
-478255
-954307
174501
533664
-711079
430165
300077
605250
-396074
-285960
213610
1989
920218
-892088
659399
353236
-280440
429290
842012
438154
256533
-17619
929619
-147193
533749
961938
465878
834590
-12621
768056
-611007
-760931
867761
234580
-504659
137112
531979
476540
-531526
-966871
-948201
608634
920950
-642587
479559
143058
799158
-324493
883434
175940
808919
465874
-892398
-97431
258096
-79574
844652
433412
653612
672815
704190
154608
-279584
-670942
182821
-26790
5095
-163555
764294
362226
738558
-645317
823267
661351
328851
-608044
458204
930186
803563
-311263
516679
248098
-896656
443757
486939
-706435
191764
873747
470509
-415825
381526
996730
-883588
-802065
180904
162859
643791
742266
277690
770584
-478255
-954307
174501
533664
-711079
430165
300077
605250
-396074
-285960
213610
1989
920218
-892088
659399
353236
-280440
429290
842012
438154
256533
-17619
929619
-147193
533749
961938
465878
834590
-12621
768056
-611007
-760931
867761
234580
-504659
137112
531979
476540
-531526
-966871
-948201
608634
920950
-642587
479559
143058
799158
-324493
883434
175940
808919
465874
-892398
-97431
258096
-79574
844652
433412
653612
672815
704190
154608
-279584
-670942
182821
-26790
5095
-163555
764294
362226
738558
-645317
823267
661351
328851
-608044
458204
930186
803563
-311263
516679
248098
-896656
443757
486939
-706435
191764
873747
470509
-415825
381526
996730
-883588
-802065
180904
162859
643791
742266
277690
770584
-478255
-954307
174501
533664
-711079
430165
300077
605250
-396074
-285960
213610
1989
920218
-892088
659399
353236
-280440
429290
842012
438154
256533
-17619
929619
-147193
533749
961938
465878
834590
-12621
768056
-611007
-760931
867761
234580
-504659
137112
531979
476540
-531526
-966871
-948201
608634
920950
-642587
479559
143058
799158
-324493
883434
175940
808919
465874
-892398
-97431
258096
-79574
844652
433412
653612
672815
704190
154608
-279584
-670942
182821
-26790
5095
-163555
764294
362226
738558
-645317
823267
661351
328851
-608044
458204
930186
803563
-311263
516679
248098
-896656
443757
486939
-706435
191764
873747
470509
-415825
381526
996730
-883588
-802065
180904
162859
643791
742266
277690
770584
-478255
-954307
174501
533664
-711079
430165
300077
605250
-396074
-285960
213610
1989
920218
-892088
659399
353236
-280440
429290
842012
438154
256533
-17619
929619
-147193
533749
961938
465878
834590
-12621
768056
-611007
-760931
867761
234580
-504659
137112
531979
476540
-531526
-966871
-948201
608634
920950
-642587
479559
143058
799158
-324493
883434
175940
808919
465874
-892398
-97431
258096
-79574
844652
433412
653612
672815
704190
154608
-279584
-670942
182821
-26790
5095
-163555
764294
362226
738558
-645317
823267
661351
328851
-608044
458204
930186
803563
-311263
516679
248098
-896656
443757
486939
-706435
191764
873747
470509
-415825
381526
996730
-883588
-802065
180904
162859
643791
742266
277690
770584
-478255
-954307
174501
533664
-711079
430165
300077
605250
-396074
-285960
213610
1989
920218
-892088
659399
353236
-280440
429290
842012
438154
256533
-17619
929619
-147193
533749
961938
465878
834590
-12621
768056
-611007
-760931
867761
234580
-504659
137112
531979
476540
-531526
-966871
-948201
608634
920950
-642587
479559
143058
799158
-324493
883434
175940
808919
465874
-892398
-97431
258096
-79574
844652
433412
653612
672815
704190
154608
-279584
-670942
182821
-26790
5095
-163555
764294
362226
738558
-645317
823267
661351
328851
-608044
458204
930186
803563
-311263
516679
248098
-896656
443757
486939
-706435
191764
873747
470509
-415825
381526
996730
-883588
-802065
180904
162859
643791
742266
277690
770584
-478255
-954307
174501
533664
-711079
430165
300077
605250
-396074
-285960
213610
1989
920218
-892088
659399
353236
-280440
429290
842012
438154
256533
-17619
929619
-147193
533749
961938
465878
834590
-12621
768056
-611007
-760931
867761
234580
-504659
137112
531979
476540
-531526
-966871
-948201
608634
920950
-642587
479559
143058
799158
-324493
883434
175940
808919
465874
-892398
-97431
258096
-79574
844652
433412
653612
672815
704190
154608
-279584
-670942
182821
-26790
5095
-163555
764294
362226
738558
-645317
823267
661351
328851
-608044
458204
930186
803563
-311263
516679
248098
-896656
443757
486939
-706435
191764
873747
470509
-415825
381526
996730
-883588
-802065
180904
162859
643791
742266
277690
770584
-478255
-954307
174501
533664
-711079
430165
300077
605250
-396074
-285960
213610
1989
920218
-892088
659399
353236
-280440
429290
842012
438154
256533
-17619
929619
-147193
533749
961938
465878
834590
-12621
768056
-611007
-760931
867761
234580
-504659
137112
531979
476540
-531526
-966871
-948201
608634
920950
-642587
479559
143058
799158
-324493
883434
175940
808919
465874
-892398
-97431
258096
-79574
844652
433412
653612
672815
704190
154608
-279584
-670942
182821
-26790
5095
-163555
764294
362226
738558
-645317
823267
661351
328851
-608044
458204
930186
803563
-311263
516679
248098
-896656
443757
486939
-706435
191764
873747
470509
-415825
381526
996730
-883588
-802065
180904
162859
643791
742266
277690
770584
-478255
-954307
174501
533664
-711079
430165
300077
605250
-396074
-285960
213610
1989
920218
-892088
659399
353236
-280440
429290
842012
438154
256533
-17619
929619
-147193
533749
961938
465878
834590
-12621
768056
-611007
-760931
867761
234580
-504659
137112
531979
476540
-531526
-966871
-948201
608634
920950
-642587
479559
143058
799158
-324493
883434
175940
808919
465874
-892398
-97431
258096
-79574
844652
433412
653612
672815
704190
154608
-279584
-670942
182821
-26790
5095
-163555
764294
362226
738558
-645317
823267
661351
328851
-608044
458204
930186
803563
-311263
516679
248098
-896656
443757
486939
-706435
191764
873747
470509
-415825
381526
996730
-883588
-802065
180904
162859
643791
742266
277690
770584
-478255
-954307
174501
533664
-711079
430165
300077
605250
-396074
-285960
213610
1989
920218
-892088
659399
353236
-280440
429290
842012
438154
256533
-17619
929619
-147193
533749
961938
465878
834590
-12621
768056
-611007
-760931
867761
234580
-504659
137112
531979
476540
-531526
-966871
-948201
608634
920950
-642587
479559
143058
799158
-324493
883434
175940
808919
465874
-892398
-97431
258096
-79574
844652
433412
653612
672815
704190
154608
-279584
-670942
182821
-26790
5095
-163555
764294
362226
738558
-645317
823267
661351
328851
-608044
458204
930186
803563
-311263
516679
248098
-896656
443757
486939
-706435
191764
873747
470509
-415825
381526
996730
-883588
-802065